1010010111110111100010101001011001000111100011010111111000100001
1111101010100011111010000101001110111100000011010010001001000100
1010111010001001100110111000000001101000001010101101001011001011
0101010110111110011000010011011000000111101011000101000011110101
1011001011000011001110110010011101111011110010010010010000011100
0001111000110010101001111011001000101101110111000000000000001111
1110010010010101001001110001111001011011010110110100010000110010
0000110011101001111110110111001001100001000011101011011001001011
0010010000111000010101110001000101110011010110011100111100101011
1100000000010000001100111000111110000101001010100000100010110111
0101011010100110111000000100100110110111000100110111111101011100
1011000010010110110100001010101110000010101100010010100101000111
0111001000111000111010101110101111111110110111000011011111001010
1100101011100010101101111110101110100000111110011001000111010010
0000110011110110111001011101100101011010001101110110011110100100
0001011011101000110000010100000110010100000011100010100100100000
0011101000011000101110011000001101111101000011000111111111000001
0011101111110110000111000100000111011100110000001111101011101111
0011101110000101110000011000011001000110111010110010010100100101
0100000001101011001010101000101011001111111001001000100011101100
0111110001011000011111110101011001010001001100101010110001011110
0010011100111000001100000010011000000011110111000100011000101111
0010101010111000001100001010011100101001011010100001001001000110
1100101000000100000100111101100001100100000111001000101010100000
1100100010000111110011110111011000011011100011101101011001100100
1101000101010010011111111111111111101010010001111000110111000010
1011111001110001111111001011100101101100000011001111101011011100
0000111010111011011001110101100111101111001101001001010100010011
0001010010100011111000100000011011000101111100100001111010011111
1000110000111011101100011101111001001110000011011111000001001100
1011010000101110001001001110000111101100110000110010000101000110
1001010011101101011010100001100101000000001000000011100100011101
1011001110000011101011001101011100111010110100010101010111100011
0100001110000101100010110111101001010011011110001000001001100001
1110110001111010000110010100101001110111111010101010111110111001
1100110010011111100010000000111000100011011001111011010011011011
1110001001100100111000111111101100100110110010000101000100110010
1100100001111011110111011011010111011101010111100111100010001100
0001101010010110100100001100101010000111011011011011000010100001
0000110101101010001110001110001100100000010011011001001101110001
1000000110101110000110100101111010010010111010010110110000000111
1111111111001100000010100101100001100101101010001000111100110101
0001000001010111011101011010101101100001111100010010011111010101
1000011010011010111011100000111011011101111110111110010000000110
1110110001011110110101101011111110010101000001110100001011111111
0000100010001100100001110100101101110101100000010001011011001000
1001100011000111000111010000010011110100010101000010101011101001
0000100111010101101001001110100010100011110000111010011100001000
0110101101100110101111011010111101011101111101110011000000101110
1010001000001000101001110110100110111110001111010110011101011101
0011000111110011001010000111110100001101101010101011111000010000
0010000000111111100101110011101001110000101100001101111000100011
1000010001101110100110101001111001100011111001111010101000101101
1001111111000011101010011101110110111111000011001111010101111010
0110111111101111110100010111100100111011101111000001110101010010
1011011101110100000011110010101001000001110001000010111111101101
1110010010110010000100001001111010100001011000010010000101011110
0010111111110111111011111101111111111111100110100001010011011000
0110001011110001100011100011000010101100001101111101111000000010
1001111110001010010011011111011011001110110101100011101100100110
1110101101100011001100101101010110100111111011000111010101011010
1011111111110110110000111000000100011111100000011000010101000001
0011000010111110001111000011100110010001001110111111000000101111
0110000001100110100110000100001001000111001000110010011101110111
1011110010110100100111010111100111000111110010000101100001100011
1000001100011001111001000100100000100001100010011110000100011111
0011110111010011100100100011110100100011111111100010100010001111
0001111101101110101011101111111111001001001111110001110101111110
0111000101010110110100010011001000110101111111001101000000101101
1100001101000111011111110110101111011100000010100100101011011110
1101010000100011101000101111111111111001000100000101011100011011
0010001010101010110001110000101110001000000001011111100100101011
1100011000110110110001000001111001001111000001010010110111111001
1000110001100110010000101100000010111101001110011011110110001001
1010000011100001111101011011111111011011000111111000011011111001
1111110101011101101100011101100010010011110001100000010100101110
1100100001010100111100011110111001000110010111101011000101000000
1010101101101001001111110110111001001100101001101110000010110111
1110011111001000110110101000100000101010110001000110001000111000
0110111010001000101111110111010000101101101110000011100011001000
0100011010111011111001100010010010101011111101010111110010010011
0110011001000101101001110001110011111000000011011101101000111000
0101110000111111111001001101100011100101110011111011110100000011
1011011100111111101011001010001010010011101101100110011101000011
1000101011110100110011011001101111011011001000011011110011011110
0100110110011001010011001011110011010101100011010101100001101101
1111100111101000111000110111011000110101101001011101101110100100
1010011011000001100101100001111000101101010110010010001000111100
1110110110101111110001101000000010100011111100110011101110001110
0001011010010110001110101001101100000011100001101100001100001000
0110010010100101100011001111011111000010110101101000101000100100
0101101001011110100111110011101010011000011110010111010010111101
1100100010100001110001100111100100110011101001001000110011010001
1001101001100100111000001010111010001001110111111001110011101001
0110011010000000100100000000110110111101011010100001111000101010
0010010100110010110011001001100000011111110011111100110110101110
0110000011011011010011110010111011011010000010001100101000011011
0101001010111110101110111100000110000000110100001011100111111011
0100101101001111001001000110110001010111000101110100011010111001
1011100111010101011001000000100000110001100111100110011111000110
1000001111111000100010000000100111110101000011110000001111101110
0000100000011101100011101000011010001110110101010000001010100011
1110111011101101001010011110001010101010101100101001101001110001
1010110010101011010101100101101110110100100100100001000011110001
1110010011010110111101010010110011011110111110011011011111100011
1111000111010101111101100001111010111100100010001110000111111001
1111111100010010101011000100100110001001101011101011100101010010
0010111010000100110010111011110011001001001000111110110110111101
1101010110100000011011110100000100100110001010101101110101000101
0000101001000110101111110001111011101100101000100011001000001000
1011001111110100000111011000111100101011100001011111011010111001
0010001001011011011110001100110100101011010101011000001001111011
1101011111111111111001010100110110001001111000110010111010001100
1001110101111000110100110101111010001011111111111010010010111001
0110101001001101001000100101010100000011000101000110000110110101
0110110010011001110001000111110011010101110101000010111010100000
0110110101111101000001110000000101110111010100010000011111111111
1111101011101000000111011001111101001011011001111001010101000110
0110011001011000111111000110011001000001101001000000000111010010
1110100010011101110010011101110110000111000101101100011001011000
1101111100000011100111111100111101110100100100111110100100110101
0001110111011101100011100010111000100000001001000111000000001100
0011001011000000101101000100001111110110101001100111000001100101
1100011011101100001100110011001101000111001011001111001100110110
1101101110011010110010010100011100000010100010100000100100111010
1001001101001100111111111000100101000001111110111000100001000010
0001111110000000101110000101101110100111011000011001011101010001
0000111101011110111111001011100000111010001010010111010110011000
0001011100001111101100101011001000110101100110011001000110011100
1111000011110100001011111111100001001101001101111100101100110001
0010010101000111001000101110001011110011100101101001011101111000
0011010010011111001100100101001001100010010010100001101100101000
1100011011100000110000110100011011100111011101110110111001101100
0001010001001011100110010000100100001000001010111101001101111111
1110011010010001000000101011110110101000110100101001110000111110
0110110010010011111010111001001111100010111010111100001100001000
1011111011100011001010011111001010010111111011010001111000010001
1001111001010100111111001011110100110110000101001010100011011101
1110110001111001111011000011110000111000010110101011011101101001
1110001001001110000111111101011001101111101111100011010111001101
0101111110000110011111111110100001110010010111111010010000010010
1100100101111011000000110110010010110011110001010011000110110110
1100011101110000010010000111000101000111010111110000111100011010
0011100010000011001011000101100100000110000111100110011101011010
0110100001100111110111110100111000111101011000000110111011100000
1110101111000110011100011000111101101101000101000101110001101001
0000010011110000011010101111101110010000011100010100111001110010
0111000111010110110110101111111100101100111011000001110101100000
0010010000110100011110101111010100000101101111100101010000101110
0011100100001011110001010010111111010011110110110001001111101001
0011001011100001000101110110100110111001110010110010110111010111
1011001100011001001010110011100111110011011111100000011111001111
0100110001000100000001011101010101011110101100000000011111001010
1010011001101000100001110111101000100011001010000001010101100000
1001000110010000111011110001000111101010000011010111111010101100
1100100101000100100100111001000000101011001000000010011010000010
0001101011100100000000000000011011111000110001100001110110110111
1111000111110111001111010011001110011110010111100000110100010100
1011010011010100000100011111101011111110110010100100001110000110
1011101100100000101010010100001011000011000101101100011100011001
1011111010001010011000001001010011001110001111101001110100101010
1101100010010110011111011101000011001011110001000010100000111111
0100100010000110101000011000000000110011101100010110100001100100
0111100111111011001001110110001010100101100011101000011000101000
0101011001100001011011010100110101111011111100110000001110100011
1101010010101001110011001111111111011101010011011011111110110110
0101101111001000000001010111010111101010100101110111011001101001
0111110100011110011110001000011011100101001111111111001001001110
0001100101100000010100111000101101010000010110110100011000001100
1010001110111000100010100000101010010100100100011001111010000001
1110001010111101111010110101000001111111100000100011110011000000
1011111100110110010010010111010100110001100011111111010010001010
0110101010110011100101010010100001000000101000010100100101001101
1000000011010111000100011101000110100001101101111001011111100101
1101100010101100010111010110011010010110001010011011011000100101
1011001101011100000100101000000101100111100110010100101011000110
1001111110111001110100000011111000010111001000000000000110001010
1100011000111010100101010001011000110101001101100010101111000101
1001000111110111001100011001011001101001110000011011010010011110
0001001000011101101001001011010110010100010100111000000111111000
0100000100010111010110000100010110101000001010010010101100010100
0001101111010111101010100000110000010000111110111001000111100101
0110001100100000111001000111000000101001110011101000111010101011
0111001001000001110011110101001000101101001011001001011001011011
1100011100110101001001001010110011001011011100111110100001010100
1011111100100110110101000101110010010000001100011101010001010110
1111001011101011101001011011001001101000111000110000010101001111
1111100011000000111100110000100111110101101001000100001111110001
0101000110110010101101101111100001111110000011111010010011101001
1011101000000000000111000000010001100101101010001100011010101101
0001011111010000001101001000010001101010010110110011110000101110
1000011010111101111011101101101111001100101011011000110001010001
1110111110110110101101000011001001111101011110111011000011101110
0011001101100111000001000000111010110110000101111111101000000001
0001111010111010001011100001100000111000111101010110001111001100
1101101111000010001011001101100011010111111101000001101110111101
1001000011100101111100011010011000110111100001000110001000110000
1011000010110001111111100110001001000010111111011010001110100110
1111111111110010100101011000111011011111100111011010111001010111
0000111111100110100111111010101010100011001000110000000000111110
1011000001011110110000001010010011101000110101111001111000000100
0010011100101000101000011111101000100111100000101000001110101010
0110011001110100111000100000010110010000100100100100000101011000
0000100101110011110011111001010001100000000101110101010001100101
1011010010010011101100001110011111000000110000100110010001100111
0110100100111111001110111001111110001110100111000000101001100001
0000111111001001100111100100000100101001111011111110110000000110
0010000001010101110110011010010000010111000011111011000011000100
1010001001110100110000100100011111111001000110011010110110001101
1001100110001101111101000101100001111010100011111110010010111110
0001110010110100001101111111010101000101001001101001111011110011
1100100100111001010100010110100100000000010111101011001011011010
1110011001101010010101111000000100001100011001111101010000011000
1101100101001010100011000010111100111000001011110110101011010001
0100001101111111100011011100111100100000100110000110001000000001
0101011000111111011100100100001100000011111110100001001110011000
0011110011000111001000000100001100011111010011100101110100011100
0001011101000001010111110110010110010100000101010000110101000001
0010011110111000100110010110011001011100000000100101000100000000
0110001011000101001111101111110000011100010000010010110101100010
0110001111101110111100001001110010110110000011110111000110100111
0000100001011000011001100010111101111001100010111111011101101001
0101101001100000110001111011000110110010111000010110100011011000
0001110101111000110110001000011010110011000110110010101101100100
0101011000111101011100101101011111001110111010110011011001100000
0110011001010100110000110011001011101111101000101110001011110000
1100100111111110000000000111110010101010010000001111100101010010
1101011001111111111101110111111010010011000100001011011101110010
1100100101111110111100111000010101110001111101101001110010111001
0011111101001010110101000110001010111110100100000010010011111100
1001000111100000100100000010100000000101001110011111000000110011
1110101000011101110101111101000010110100110001011010001110001001
1110100100110111010110110001000001111001111110001001001011111010
1111000001011001110011010010100011010010000000011101000111011110
0001100000111011011110010110101011010001001110010011110111111100
1100110111011110111111101011101000111101100000100111011100100110
0010110001000000100111001010001011001101101101000111100000000010
1100110101011100100011110110100101100110000010101010101100011001
0101001000110111110010111001111011000110111000110111110001101100
1101100010000100010001010100000100101101001010101100001100111110
1111010000010001000111001011010110000001111100110000011110000100
1111100111110110111000111100110011101111110010001100111100000001
0111010100011110001000011001011010100010011100010000111000001011
0011101111110010001010010010111010110110111110000100111100101000
0101001101100001010001001010010110100010000001010011010111101100
0011010111011111110111010011110000110000100001101111111100010110
0111011011110011000110110001000100010011101110100111001100100110
1001010001001111001010001001011100111000011011001001001100111100
1101110101011100101001001110111010100001000010011001000100100110
0100110101001011111110001110000111110101111110101010100011011010
1101000000010001100101000111110010110001110111010011010111110101
1010000011001101011101000100010000000100010001101000000111100100
1010111101110100101101111110100100011101101110010110100110001011
1010011001010000110010010110100101111110010111001101111111101110
1100000001000000101011110001100011100110000011011111011000100101
0110110100110010110011100111111110011101111001010111001101001001
